link_lengths: [1.0, 1.0, 0.5]
joint_limits:
  q1: [-3.141592653589793, 3.141592653589793]
  q2: [-3.141592653589793, 3.141592653589793]
  q3: [-3.141592653589793, 3.141592653589793]
base_position: [0.0, 0.0]

# Dynamics parameters (for trajectory analysis energy/torque metrics)
link_masses: [1.0, 1.0, 0.5]
link_com_distances: [0.5, 0.5, 0.25]
link_inertias: [0.083, 0.083, 0.010]
gravity: 0.0  # 0 for planar horizontal arm

# Velocity and acceleration limits (for feasibility checks)
velocity_limits:
  q1: [-3.14, 3.14]
  q2: [-3.14, 3.14]
  q3: [-3.14, 3.14]
acceleration_limits:
  q1: [-10.0, 10.0]
  q2: [-10.0, 10.0]
  q3: [-10.0, 10.0]
torque_limits:
  q1: [-50.0, 50.0]
  q2: [-50.0, 50.0]
  q3: [-25.0, 25.0]
